<?xml version="2.0" ?>
<Type>saved</Type>
<ActorObjects>
    <ActorObject t0="250.999" t1="95.9974" t2="-203.88" s0="1" s1="1" s2="1" q0="0" q1="0" q2="0" q3="1" euler_x="0" euler_y="0" euler_z="0" id="2392" type_file="Data/Objects/characters/rabbits/male_rabbit_2_actor.xml" is_player="0">
        <parameters>
            <parameter name="Aggression" type="float" val="1" />
            <parameter name="Attack Damage" type="float" val="1" />
            <parameter name="Attack Knockback" type="float" val="1.50716" />
            <parameter name="Attack Speed" type="float" val="0.85387" />
            <parameter name="Block Follow-up" type="float" val="0.5" />
            <parameter name="Block Skill" type="float" val="0.65616" />
            <parameter name="Cannot Be Disarmed" type="int" val="0" />
            <parameter name="Character Scale" type="float" val="1.20745" />
            <parameter name="Damage Resistance" type="float" val="2" />
            <parameter name="Ear Size" type="float" val="1" />
            <parameter name="Fat" type="float" val="0.5" />
            <parameter name="Focus FOV distance" type="float" val="20" />
            <parameter name="Focus FOV horizontal" type="float" val="0.62834" />
            <parameter name="Focus FOV vertical" type="float" val="0.62834" />
            <parameter name="Ground Aggression" type="float" val="0.5" />
            <parameter name="Knockout Shield" type="int" val="6" />
            <parameter name="Left handed" type="int" val="0" />
            <parameter name="Movement Speed" type="float" val="0.99857" />
            <parameter name="Muscle" type="float" val="0.65616" />
            <parameter name="Peripheral FOV distance" type="float" val="5.128" />
            <parameter name="Peripheral FOV horizontal" type="float" val="1.41376" />
            <parameter name="Peripheral FOV vertical" type="float" val="1.41376" />
            <parameter name="Species" type="string" val="rabbit" />
            <parameter name="Static" type="int" val="0" />
            <parameter name="Teams" type="string" val="guard" />
        </parameters>
        <Connections>
            <Connection id="2392" />
        </Connections>
        <ItemConnections>
            <ItemConnection id="2399" type="0" mirrored="0" attachment="" />
        </ItemConnections>
        <Palette>
            <Color label="Fur" channel="0" red="0.831373" green="0.504345" blue="0.264083" />
            <Color label="Ropes" channel="1" red="0.145098" green="0.0546251" blue="0" />
            <Color label="Pants" channel="2" red="0.233769" green="0.11634" blue="0.333333" />
            <Color label="Spots" channel="3" red="0.270588" green="0" blue="0" />
        </Palette>
        <EnvObjectAttachments>
            <EnvObjectAttachment>
                <BoneConnect bone_id="31" num_connections="1" m0="0.997603" m1="0.000349195" m2="0.0691924" m3="0" m4="0.00640204" m5="0.995232" m6="-0.0973261" m7="0" m8="-0.0688964" m9="0.0975358" m10="0.992845" m11="0" m12="-0.00538635" m13="0.539602" m14="0.165527" m15="1" />
                <BoneConnect bone_id="-1" num_connections="0" m0="1" m1="0" m2="0" m3="0" m4="0" m5="1" m6="0" m7="0" m8="0" m9="0" m10="1" m11="0" m12="0" m13="0" m14="0" m15="1" />
                <BoneConnect bone_id="-1" num_connections="0" m0="1" m1="0" m2="0" m3="0" m4="0" m5="1" m6="0" m7="0" m8="0" m9="0" m10="1" m11="0" m12="0" m13="0" m14="0" m15="1" />
                <BoneConnect bone_id="-1" num_connections="0" m0="1" m1="0" m2="0" m3="0" m4="0" m5="1" m6="0" m7="0" m8="0" m9="0" m10="1" m11="0" m12="0" m13="0" m14="0" m15="1" />
            </EnvObjectAttachment>
            <EnvObjectAttachment>
                <BoneConnect bone_id="31" num_connections="1" m0="0.994839" m1="0.0250974" m2="0.0983105" m3="0" m4="0.00385991" m5="0.958863" m6="-0.283845" m7="0" m8="-0.10139" m9="0.282759" m10="0.953817" m11="0" m12="0.00137329" m13="0.547428" m14="0.0415344" m15="1" />
                <BoneConnect bone_id="-1" num_connections="0" m0="1" m1="0" m2="0" m3="0" m4="0" m5="1" m6="0" m7="0" m8="0" m9="0" m10="1" m11="0" m12="0" m13="0" m14="0" m15="1" />
                <BoneConnect bone_id="-1" num_connections="0" m0="1" m1="0" m2="0" m3="0" m4="0" m5="1" m6="0" m7="0" m8="0" m9="0" m10="1" m11="0" m12="0" m13="0" m14="0" m15="1" />
                <BoneConnect bone_id="-1" num_connections="0" m0="1" m1="0" m2="0" m3="0" m4="0" m5="1" m6="0" m7="0" m8="0" m9="0" m10="1" m11="0" m12="0" m13="0" m14="0" m15="1" />
            </EnvObjectAttachment>
            <EnvObjectAttachment>
                <BoneConnect bone_id="17" num_connections="1" m0="-0.99675" m1="0.080342" m2="0.00578472" m3="0" m4="0.0804011" m5="0.987975" m6="0.132065" m7="0" m8="0.00489521" m9="0.132101" m10="-0.991224" m11="0" m12="-0.179413" m13="0.408836" m14="-0.0352097" m15="1" />
                <BoneConnect bone_id="-1" num_connections="0" m0="1" m1="0" m2="0" m3="0" m4="0" m5="1" m6="0" m7="0" m8="0" m9="0" m10="1" m11="0" m12="0" m13="0" m14="0" m15="1" />
                <BoneConnect bone_id="-1" num_connections="0" m0="1" m1="0" m2="0" m3="0" m4="0" m5="1" m6="0" m7="0" m8="0" m9="0" m10="1" m11="0" m12="0" m13="0" m14="0" m15="1" />
                <BoneConnect bone_id="-1" num_connections="0" m0="1" m1="0" m2="0" m3="0" m4="0" m5="1" m6="0" m7="0" m8="0" m9="0" m10="1" m11="0" m12="0" m13="0" m14="0" m15="1" />
            </EnvObjectAttachment>
            <EnvObjectAttachment>
                <BoneConnect bone_id="19" num_connections="1" m0="0.363261" m1="0.926346" m2="-0.0996254" m3="0" m4="-0.906542" m5="0.326755" m6="-0.267231" m7="0" m8="-0.214995" m9="0.187389" m10="0.958469" m11="0" m12="-0.31311" m13="0.334137" m14="-0.0214462" m15="1" />
                <BoneConnect bone_id="-1" num_connections="0" m0="1" m1="0" m2="0" m3="0" m4="0" m5="1" m6="0" m7="0" m8="0" m9="0" m10="1" m11="0" m12="0" m13="0" m14="0" m15="1" />
                <BoneConnect bone_id="-1" num_connections="0" m0="1" m1="0" m2="0" m3="0" m4="0" m5="1" m6="0" m7="0" m8="0" m9="0" m10="1" m11="0" m12="0" m13="0" m14="0" m15="1" />
                <BoneConnect bone_id="-1" num_connections="0" m0="1" m1="0" m2="0" m3="0" m4="0" m5="1" m6="0" m7="0" m8="0" m9="0" m10="1" m11="0" m12="0" m13="0" m14="0" m15="1" />
            </EnvObjectAttachment>
            <EnvObjectAttachment>
                <BoneConnect bone_id="19" num_connections="1" m0="-0.973317" m1="0.108547" m2="0.202168" m3="0" m4="0.148512" m5="0.969617" m6="0.194392" m7="0" m8="-0.174925" m9="0.219229" m10="-0.959864" m11="0" m12="-0.306519" m13="0.293777" m14="-0.0120926" m15="1" />
                <BoneConnect bone_id="-1" num_connections="0" m0="1" m1="0" m2="0" m3="0" m4="0" m5="1" m6="0" m7="0" m8="0" m9="0" m10="1" m11="0" m12="0" m13="0" m14="0" m15="1" />
                <BoneConnect bone_id="-1" num_connections="0" m0="1" m1="0" m2="0" m3="0" m4="0" m5="1" m6="0" m7="0" m8="0" m9="0" m10="1" m11="0" m12="0" m13="0" m14="0" m15="1" />
                <BoneConnect bone_id="-1" num_connections="0" m0="1" m1="0" m2="0" m3="0" m4="0" m5="1" m6="0" m7="0" m8="0" m9="0" m10="1" m11="0" m12="0" m13="0" m14="0" m15="1" />
            </EnvObjectAttachment>
            <EnvObjectAttachment>
                <BoneConnect bone_id="21" num_connections="1" m0="-0.988581" m1="0.0478623" m2="0.142883" m3="0" m4="0.0445348" m5="0.998659" m6="-0.0263978" m7="0" m8="-0.143955" m9="-0.0197332" m10="-0.989387" m11="0" m12="-0.449615" m13="0.20723" m14="-0.0346832" m15="1" />
                <BoneConnect bone_id="-1" num_connections="0" m0="1" m1="0" m2="0" m3="0" m4="0" m5="1" m6="0" m7="0" m8="0" m9="0" m10="1" m11="0" m12="0" m13="0" m14="0" m15="1" />
                <BoneConnect bone_id="-1" num_connections="0" m0="1" m1="0" m2="0" m3="0" m4="0" m5="1" m6="0" m7="0" m8="0" m9="0" m10="1" m11="0" m12="0" m13="0" m14="0" m15="1" />
                <BoneConnect bone_id="-1" num_connections="0" m0="1" m1="0" m2="0" m3="0" m4="0" m5="1" m6="0" m7="0" m8="0" m9="0" m10="1" m11="0" m12="0" m13="0" m14="0" m15="1" />
            </EnvObjectAttachment>
            <EnvObjectAttachment>
                <BoneConnect bone_id="17" num_connections="1" m0="0.840276" m1="0.481571" m2="-0.249049" m3="0" m4="0.0830521" m5="-0.568279" m6="-0.818634" m7="0" m8="-0.53576" m9="0.667194" m10="-0.517507" m11="0" m12="-0.197998" m13="0.425335" m14="-0.136482" m15="1" />
                <BoneConnect bone_id="-1" num_connections="0" m0="1" m1="0" m2="0" m3="0" m4="0" m5="1" m6="0" m7="0" m8="0" m9="0" m10="1" m11="0" m12="0" m13="0" m14="0" m15="1" />
                <BoneConnect bone_id="-1" num_connections="0" m0="1" m1="0" m2="0" m3="0" m4="0" m5="1" m6="0" m7="0" m8="0" m9="0" m10="1" m11="0" m12="0" m13="0" m14="0" m15="1" />
                <BoneConnect bone_id="-1" num_connections="0" m0="1" m1="0" m2="0" m3="0" m4="0" m5="1" m6="0" m7="0" m8="0" m9="0" m10="1" m11="0" m12="0" m13="0" m14="0" m15="1" />
            </EnvObjectAttachment>
            <EnvObjectAttachment>
                <BoneConnect bone_id="17" num_connections="1" m0="0.873313" m1="0.484501" m2="0.0508119" m3="0" m4="-0.293835" m5="0.607069" m6="-0.738328" m7="0" m8="-0.388567" m9="0.629861" m10="0.672525" m11="0" m12="-0.180542" m13="0.434353" m14="0.0734558" m15="1" />
                <BoneConnect bone_id="-1" num_connections="0" m0="1" m1="0" m2="0" m3="0" m4="0" m5="1" m6="0" m7="0" m8="0" m9="0" m10="1" m11="0" m12="0" m13="0" m14="0" m15="1" />
                <BoneConnect bone_id="-1" num_connections="0" m0="1" m1="0" m2="0" m3="0" m4="0" m5="1" m6="0" m7="0" m8="0" m9="0" m10="1" m11="0" m12="0" m13="0" m14="0" m15="1" />
                <BoneConnect bone_id="-1" num_connections="0" m0="1" m1="0" m2="0" m3="0" m4="0" m5="1" m6="0" m7="0" m8="0" m9="0" m10="1" m11="0" m12="0" m13="0" m14="0" m15="1" />
            </EnvObjectAttachment>
            <EnvObjectAttachment>
                <BoneConnect bone_id="17" num_connections="1" m0="0.86104" m1="0.500171" m2="-0.0918687" m3="0" m4="-0.092759" m5="-0.0231496" m6="-0.995419" m7="0" m8="-0.500007" m9="0.865617" m10="0.0264626" m11="0" m12="-0.20816" m13="0.469543" m14="-0.0310287" m15="1" />
                <BoneConnect bone_id="-1" num_connections="0" m0="1" m1="0" m2="0" m3="0" m4="0" m5="1" m6="0" m7="0" m8="0" m9="0" m10="1" m11="0" m12="0" m13="0" m14="0" m15="1" />
                <BoneConnect bone_id="-1" num_connections="0" m0="1" m1="0" m2="0" m3="0" m4="0" m5="1" m6="0" m7="0" m8="0" m9="0" m10="1" m11="0" m12="0" m13="0" m14="0" m15="1" />
                <BoneConnect bone_id="-1" num_connections="0" m0="1" m1="0" m2="0" m3="0" m4="0" m5="1" m6="0" m7="0" m8="0" m9="0" m10="1" m11="0" m12="0" m13="0" m14="0" m15="1" />
            </EnvObjectAttachment>
        </EnvObjectAttachments>
        <EnvObject s0="1" s1="1" s2="1" id="2429" color_r="1" color_g="1" color_b="1" overbright="0" type_file="Data/Objects/Gear/dog_armor/dog_armor_helmet.xml">
            <parameters />
        </EnvObject>
        <EnvObject s0="1.11146" s1="1.11146" s2="1.11146" id="2443" color_r="1" color_g="1" color_b="1" overbright="0" type_file="Data/Objects/Gear/dog_armor/dog_armor_head_straps.xml">
            <parameters />
        </EnvObject>
        <EnvObject s0="1.67199" s1="1.67199" s2="1.67199" id="2448" color_r="1" color_g="1" color_b="1" overbright="0" type_file="Data/Objects/Gear/dog_armor/dog_armor_shoulder_b.xml">
            <parameters />
        </EnvObject>
        <EnvObject s0="1.37916" s1="1.37916" s2="1.37916" id="2394" color_r="1" color_g="1" color_b="1" overbright="0" type_file="Data/Objects/Gear/dog_armor/dog_armor_shoulder_a.xml">
            <parameters />
        </EnvObject>
        <EnvObject s0="1.77571" s1="1.69489" s2="2.05064" id="2397" color_r="1" color_g="1" color_b="1" overbright="0" type_file="Data/Objects/Gear/dog_armor/dog_armor_lower_arm.xml">
            <parameters />
        </EnvObject>
        <EnvObject s0="1.26785" s1="1.24231" s2="1.46014" id="2453" color_r="1" color_g="1" color_b="1" overbright="0" type_file="Data/Objects/Gear/dog_armor/dog_armor_lower_arm.xml">
            <parameters />
        </EnvObject>
        <EnvObject s0="0.560838" s1="1.1185" s2="0.205419" id="2449" color_r="1" color_g="1" color_b="1" overbright="0" type_file="Data/Objects/Buildings/LargeNail1.xml">
            <parameters />
        </EnvObject>
        <EnvObject s0="0.560838" s1="1.1185" s2="0.205419" id="2458" color_r="1" color_g="1" color_b="1" overbright="0" type_file="Data/Objects/Buildings/LargeNail1.xml">
            <parameters />
        </EnvObject>
        <EnvObject s0="0.560838" s1="1.1185" s2="0.205419" id="2460" color_r="1" color_g="1" color_b="1" overbright="0" type_file="Data/Objects/Buildings/LargeNail1.xml">
            <parameters />
        </EnvObject>
    </ActorObject>
</ActorObjects>
