<?xml version="2.0" ?>
<Type>saved</Type>
<ActorObjects>
    <ActorObject t0="258.281" t1="97.9003" t2="-204.575" s0="1.01097" s1="1.01097" s2="1.01097" q0="0.00782096" q1="0.852027" q2="0.00570607" q3="0.523408" id="2518" type_file="Data/Objects/xep_cloud_spires/dogwolf_actor.xml" is_player="0">
        <parameters>
            <parameter name="Aggression" type="float" val="0.5" />
            <parameter name="Attack Damage" type="float" val="1" />
            <parameter name="Attack Knockback" type="float" val="2" />
            <parameter name="Attack Speed" type="float" val="1" />
            <parameter name="Block Follow-up" type="float" val="1" />
            <parameter name="Block Skill" type="float" val="1" />
            <parameter name="Character Scale" type="float" val="1.00615" />
            <parameter name="Damage Resistance" type="float" val="1.01538" />
            <parameter name="Ear Size" type="float" val="0.84615" />
            <parameter name="Fat" type="float" val="0.502565" />
            <parameter name="Focus FOV distance" type="float" val="100" />
            <parameter name="Focus FOV horizontal" type="float" val="0.62834" />
            <parameter name="Focus FOV vertical" type="float" val="0.62834" />
            <parameter name="Ground Aggression" type="float" val="1" />
            <parameter name="Knockout Shield" type="int" val="10" />
            <parameter name="Left handed" type="int" val="0" />
            <parameter name="Movement Speed" type="float" val="1" />
            <parameter name="Muscle" type="float" val="0.533335" />
            <parameter name="Peripheral FOV distance" type="float" val="30.769" />
            <parameter name="Peripheral FOV horizontal" type="float" val="1.5708" />
            <parameter name="Peripheral FOV vertical" type="float" val="1.41376" />
            <parameter name="Static" type="int" val="0" />
            <parameter name="Teams" type="string" val="guard" />
        </parameters>
        <Connections>
            <Connection id="2518" />
        </Connections>
        <ItemConnections />
        <Palette>
            <Color label="Fur" channel="0" red="0" green="0" blue="0" />
            <Color label="Back" channel="1" red="0.133333" green="0" blue="0" />
            <Color label="Neck" channel="2" red="0" green="0" blue="0" />
            <Color label="Legs" channel="3" red="0.27451" green="0" blue="0" />
        </Palette>
        <EnvObjectAttachments>
            <EnvObjectAttachment>
                <BoneConnect bone_id="31" num_connections="1" m0="-0.997332" m1="0.0266864" m2="0.0679392" m3="0" m4="0.0577812" m5="0.857374" m6="0.51144" m7="0" m8="-0.0446008" m9="0.514001" m10="-0.856629" m11="0" m12="0.00198364" m13="0.798569" m14="0.486084" m15="1" />
                <BoneConnect bone_id="-1" num_connections="0" m0="1" m1="0" m2="0" m3="0" m4="0" m5="1" m6="0" m7="0" m8="0" m9="0" m10="1" m11="0" m12="0" m13="0" m14="0" m15="1" />
                <BoneConnect bone_id="-1" num_connections="0" m0="1" m1="0" m2="0" m3="0" m4="0" m5="1" m6="0" m7="0" m8="0" m9="0" m10="1" m11="0" m12="0" m13="0" m14="0" m15="1" />
                <BoneConnect bone_id="-1" num_connections="0" m0="1" m1="0" m2="0" m3="0" m4="0" m5="1" m6="0" m7="0" m8="0" m9="0" m10="1" m11="0" m12="0" m13="0" m14="0" m15="1" />
            </EnvObjectAttachment>
            <EnvObjectAttachment>
                <BoneConnect bone_id="31" num_connections="1" m0="-0.997698" m1="-0.0466828" m2="0.0491814" m3="0" m4="-0.0512841" m5="0.993974" m6="-0.0968778" m7="0" m8="-0.0443625" m9="-0.0991771" m10="-0.99408" m11="0" m12="-0.00549316" m13="0.890343" m14="0.309052" m15="1" />
                <BoneConnect bone_id="-1" num_connections="0" m0="1" m1="0" m2="0" m3="0" m4="0" m5="1" m6="0" m7="0" m8="0" m9="0" m10="1" m11="0" m12="0" m13="0" m14="0" m15="1" />
                <BoneConnect bone_id="-1" num_connections="0" m0="1" m1="0" m2="0" m3="0" m4="0" m5="1" m6="0" m7="0" m8="0" m9="0" m10="1" m11="0" m12="0" m13="0" m14="0" m15="1" />
                <BoneConnect bone_id="-1" num_connections="0" m0="1" m1="0" m2="0" m3="0" m4="0" m5="1" m6="0" m7="0" m8="0" m9="0" m10="1" m11="0" m12="0" m13="0" m14="0" m15="1" />
            </EnvObjectAttachment>
            <EnvObjectAttachment>
                <BoneConnect bone_id="31" num_connections="1" m0="-0.99671" m1="-0.0663897" m2="0.0464995" m3="0" m4="-0.0774179" m5="0.949662" m6="-0.30356" m7="0" m8="-0.0240055" m9="-0.306161" m10="-0.951677" m11="0" m12="-0.00680542" m13="0.876068" m14="0.24939" m15="1" />
                <BoneConnect bone_id="-1" num_connections="0" m0="1" m1="0" m2="0" m3="0" m4="0" m5="1" m6="0" m7="0" m8="0" m9="0" m10="1" m11="0" m12="0" m13="0" m14="0" m15="1" />
                <BoneConnect bone_id="-1" num_connections="0" m0="1" m1="0" m2="0" m3="0" m4="0" m5="1" m6="0" m7="0" m8="0" m9="0" m10="1" m11="0" m12="0" m13="0" m14="0" m15="1" />
                <BoneConnect bone_id="-1" num_connections="0" m0="1" m1="0" m2="0" m3="0" m4="0" m5="1" m6="0" m7="0" m8="0" m9="0" m10="1" m11="0" m12="0" m13="0" m14="0" m15="1" />
            </EnvObjectAttachment>
            <EnvObjectAttachment>
                <BoneConnect bone_id="31" num_connections="1" m0="-0.997719" m1="-0.0651903" m2="-0.0175331" m3="0" m4="-0.0237966" m5="0.582684" m6="-0.81235" m7="0" m8="0.0631735" m9="-0.81008" m10="-0.582906" m11="0" m12="-0.00186157" m13="0.797005" m14="0.15979" m15="1" />
                <BoneConnect bone_id="-1" num_connections="0" m0="1" m1="0" m2="0" m3="0" m4="0" m5="1" m6="0" m7="0" m8="0" m9="0" m10="1" m11="0" m12="0" m13="0" m14="0" m15="1" />
                <BoneConnect bone_id="-1" num_connections="0" m0="1" m1="0" m2="0" m3="0" m4="0" m5="1" m6="0" m7="0" m8="0" m9="0" m10="1" m11="0" m12="0" m13="0" m14="0" m15="1" />
                <BoneConnect bone_id="-1" num_connections="0" m0="1" m1="0" m2="0" m3="0" m4="0" m5="1" m6="0" m7="0" m8="0" m9="0" m10="1" m11="0" m12="0" m13="0" m14="0" m15="1" />
            </EnvObjectAttachment>
            <EnvObjectAttachment>
                <BoneConnect bone_id="31" num_connections="1" m0="-0.998621" m1="-0.048005" m2="0.0212408" m3="0" m4="-0.0494978" m5="0.726339" m6="-0.685552" m7="0" m8="0.017482" m9="-0.685658" m10="-0.727714" m11="0" m12="-0.0061264" m13="0.839172" m14="0.198059" m15="1" />
                <BoneConnect bone_id="-1" num_connections="0" m0="1" m1="0" m2="0" m3="0" m4="0" m5="1" m6="0" m7="0" m8="0" m9="0" m10="1" m11="0" m12="0" m13="0" m14="0" m15="1" />
                <BoneConnect bone_id="-1" num_connections="0" m0="1" m1="0" m2="0" m3="0" m4="0" m5="1" m6="0" m7="0" m8="0" m9="0" m10="1" m11="0" m12="0" m13="0" m14="0" m15="1" />
                <BoneConnect bone_id="-1" num_connections="0" m0="1" m1="0" m2="0" m3="0" m4="0" m5="1" m6="0" m7="0" m8="0" m9="0" m10="1" m11="0" m12="0" m13="0" m14="0" m15="1" />
            </EnvObjectAttachment>
            <EnvObjectAttachment>
                <BoneConnect bone_id="31" num_connections="1" m0="-0.995856" m1="-0.0694158" m2="-0.0587515" m3="0" m4="-0.0221412" m5="0.811669" m6="-0.583698" m7="0" m8="0.0882046" m9="-0.579978" m10="-0.809842" m11="0" m12="0.00294304" m13="0.760071" m14="0.122498" m15="1" />
                <BoneConnect bone_id="-1" num_connections="0" m0="1" m1="0" m2="0" m3="0" m4="0" m5="1" m6="0" m7="0" m8="0" m9="0" m10="1" m11="0" m12="0" m13="0" m14="0" m15="1" />
                <BoneConnect bone_id="-1" num_connections="0" m0="1" m1="0" m2="0" m3="0" m4="0" m5="1" m6="0" m7="0" m8="0" m9="0" m10="1" m11="0" m12="0" m13="0" m14="0" m15="1" />
                <BoneConnect bone_id="-1" num_connections="0" m0="1" m1="0" m2="0" m3="0" m4="0" m5="1" m6="0" m7="0" m8="0" m9="0" m10="1" m11="0" m12="0" m13="0" m14="0" m15="1" />
            </EnvObjectAttachment>
            <EnvObjectAttachment>
                <BoneConnect bone_id="30" num_connections="1" m0="-0.974377" m1="-0.0260041" m2="-0.223413" m3="0" m4="0.0261559" m5="0.973455" m6="-0.227379" m7="0" m8="0.223396" m9="-0.227397" m10="-0.947832" m11="0" m12="0.0177002" m13="0.751762" m14="0.0986633" m15="1" />
                <BoneConnect bone_id="31" num_connections="1" m0="-0.999986" m1="0.00454234" m2="0.00286268" m3="0" m4="0.00226883" m5="0.840719" m6="-0.541467" m7="0" m8="-0.00486623" m9="-0.541453" m10="-0.840717" m11="0" m12="-0.00346375" m13="0.71994" m14="0.0834503" m15="1" />
                <BoneConnect bone_id="-1" num_connections="0" m0="1" m1="0" m2="0" m3="0" m4="0" m5="1" m6="0" m7="0" m8="0" m9="0" m10="1" m11="0" m12="0" m13="0" m14="0" m15="1" />
                <BoneConnect bone_id="-1" num_connections="0" m0="1" m1="0" m2="0" m3="0" m4="0" m5="1" m6="0" m7="0" m8="0" m9="0" m10="1" m11="0" m12="0" m13="0" m14="0" m15="1" />
            </EnvObjectAttachment>
            <EnvObjectAttachment>
                <BoneConnect bone_id="30" num_connections="1" m0="-0.998266" m1="-0.0115202" m2="0.0577311" m3="0" m4="-0.0268446" m5="0.961852" m6="-0.272251" m7="0" m8="-0.0523925" m9="-0.273328" m10="-0.960493" m11="0" m12="0.0020752" m13="0.733154" m14="0.0560608" m15="1" />
                <BoneConnect bone_id="-1" num_connections="0" m0="1" m1="0" m2="0" m3="0" m4="0" m5="1" m6="0" m7="0" m8="0" m9="0" m10="1" m11="0" m12="0" m13="0" m14="0" m15="1" />
                <BoneConnect bone_id="-1" num_connections="0" m0="1" m1="0" m2="0" m3="0" m4="0" m5="1" m6="0" m7="0" m8="0" m9="0" m10="1" m11="0" m12="0" m13="0" m14="0" m15="1" />
                <BoneConnect bone_id="-1" num_connections="0" m0="1" m1="0" m2="0" m3="0" m4="0" m5="1" m6="0" m7="0" m8="0" m9="0" m10="1" m11="0" m12="0" m13="0" m14="0" m15="1" />
            </EnvObjectAttachment>
            <EnvObjectAttachment>
                <BoneConnect bone_id="30" num_connections="1" m0="-0.999427" m1="-0.0332574" m2="0.00630385" m3="0" m4="-0.0322329" m5="0.878178" m6="-0.477247" m7="0" m8="0.0103361" m9="-0.477177" m10="-0.878747" m11="0" m12="0.00640869" m13="0.716766" m14="0.0183105" m15="1" />
                <BoneConnect bone_id="-1" num_connections="0" m0="1" m1="0" m2="0" m3="0" m4="0" m5="1" m6="0" m7="0" m8="0" m9="0" m10="1" m11="0" m12="0" m13="0" m14="0" m15="1" />
                <BoneConnect bone_id="-1" num_connections="0" m0="1" m1="0" m2="0" m3="0" m4="0" m5="1" m6="0" m7="0" m8="0" m9="0" m10="1" m11="0" m12="0" m13="0" m14="0" m15="1" />
                <BoneConnect bone_id="-1" num_connections="0" m0="1" m1="0" m2="0" m3="0" m4="0" m5="1" m6="0" m7="0" m8="0" m9="0" m10="1" m11="0" m12="0" m13="0" m14="0" m15="1" />
            </EnvObjectAttachment>
            <EnvObjectAttachment>
                <BoneConnect bone_id="30" num_connections="1" m0="-0.994119" m1="0.0195503" m2="-0.106516" m3="0" m4="0.0710957" m5="0.859753" m6="-0.505737" m7="0" m8="0.0816903" m9="-0.510336" m10="-0.856087" m11="0" m12="0.00883102" m13="0.692123" m14="-0.0106812" m15="1" />
                <BoneConnect bone_id="-1" num_connections="0" m0="1" m1="0" m2="0" m3="0" m4="0" m5="1" m6="0" m7="0" m8="0" m9="0" m10="1" m11="0" m12="0" m13="0" m14="0" m15="1" />
                <BoneConnect bone_id="-1" num_connections="0" m0="1" m1="0" m2="0" m3="0" m4="0" m5="1" m6="0" m7="0" m8="0" m9="0" m10="1" m11="0" m12="0" m13="0" m14="0" m15="1" />
                <BoneConnect bone_id="-1" num_connections="0" m0="1" m1="0" m2="0" m3="0" m4="0" m5="1" m6="0" m7="0" m8="0" m9="0" m10="1" m11="0" m12="0" m13="0" m14="0" m15="1" />
            </EnvObjectAttachment>
            <EnvObjectAttachment>
                <BoneConnect bone_id="31" num_connections="1" m0="-0.866819" m1="-0.262513" m2="-0.423923" m3="0" m4="0.422468" m5="-0.838248" m6="-0.344761" m7="0" m8="-0.264849" m9="-0.47794" m10="0.837513" m11="0" m12="0.0916443" m13="0.727303" m14="0.401459" m15="1" />
                <BoneConnect bone_id="-1" num_connections="0" m0="1" m1="0" m2="0" m3="0" m4="0" m5="1" m6="0" m7="0" m8="0" m9="0" m10="1" m11="0" m12="0" m13="0" m14="0" m15="1" />
                <BoneConnect bone_id="-1" num_connections="0" m0="1" m1="0" m2="0" m3="0" m4="0" m5="1" m6="0" m7="0" m8="0" m9="0" m10="1" m11="0" m12="0" m13="0" m14="0" m15="1" />
                <BoneConnect bone_id="-1" num_connections="0" m0="1" m1="0" m2="0" m3="0" m4="0" m5="1" m6="0" m7="0" m8="0" m9="0" m10="1" m11="0" m12="0" m13="0" m14="0" m15="1" />
            </EnvObjectAttachment>
            <EnvObjectAttachment>
                <BoneConnect bone_id="31" num_connections="1" m0="0.171198" m1="-0.923649" m2="-0.342875" m3="0" m4="0.958492" m5="0.0756039" m6="0.274912" m7="0" m8="-0.228" m9="-0.375707" m10="0.898254" m11="0" m12="0.0771856" m13="0.654633" m14="0.475372" m15="1" />
                <BoneConnect bone_id="-1" num_connections="0" m0="1" m1="0" m2="0" m3="0" m4="0" m5="1" m6="0" m7="0" m8="0" m9="0" m10="1" m11="0" m12="0" m13="0" m14="0" m15="1" />
                <BoneConnect bone_id="-1" num_connections="0" m0="1" m1="0" m2="0" m3="0" m4="0" m5="1" m6="0" m7="0" m8="0" m9="0" m10="1" m11="0" m12="0" m13="0" m14="0" m15="1" />
                <BoneConnect bone_id="-1" num_connections="0" m0="1" m1="0" m2="0" m3="0" m4="0" m5="1" m6="0" m7="0" m8="0" m9="0" m10="1" m11="0" m12="0" m13="0" m14="0" m15="1" />
            </EnvObjectAttachment>
            <EnvObjectAttachment>
                <BoneConnect bone_id="31" num_connections="1" m0="-0.0841527" m1="-0.662206" m2="0.744581" m3="0" m4="0.991435" m5="0.0192526" m6="0.129175" m7="0" m8="-0.0998754" m9="0.749074" m10="0.654914" m11="0" m12="0.0543213" m13="0.642372" m14="0.569153" m15="1" />
                <BoneConnect bone_id="-1" num_connections="0" m0="1" m1="0" m2="0" m3="0" m4="0" m5="1" m6="0" m7="0" m8="0" m9="0" m10="1" m11="0" m12="0" m13="0" m14="0" m15="1" />
                <BoneConnect bone_id="-1" num_connections="0" m0="1" m1="0" m2="0" m3="0" m4="0" m5="1" m6="0" m7="0" m8="0" m9="0" m10="1" m11="0" m12="0" m13="0" m14="0" m15="1" />
                <BoneConnect bone_id="-1" num_connections="0" m0="1" m1="0" m2="0" m3="0" m4="0" m5="1" m6="0" m7="0" m8="0" m9="0" m10="1" m11="0" m12="0" m13="0" m14="0" m15="1" />
            </EnvObjectAttachment>
            <EnvObjectAttachment>
                <BoneConnect bone_id="31" num_connections="1" m0="-0.134806" m1="-0.417575" m2="0.898587" m3="0" m4="0.962011" m5="0.162125" m6="0.219661" m7="0" m8="-0.237409" m9="0.894062" m10="0.379856" m11="0" m12="0.0578156" m13="0.639999" m14="0.538971" m15="1" />
                <BoneConnect bone_id="-1" num_connections="0" m0="1" m1="0" m2="0" m3="0" m4="0" m5="1" m6="0" m7="0" m8="0" m9="0" m10="1" m11="0" m12="0" m13="0" m14="0" m15="1" />
                <BoneConnect bone_id="-1" num_connections="0" m0="1" m1="0" m2="0" m3="0" m4="0" m5="1" m6="0" m7="0" m8="0" m9="0" m10="1" m11="0" m12="0" m13="0" m14="0" m15="1" />
                <BoneConnect bone_id="-1" num_connections="0" m0="1" m1="0" m2="0" m3="0" m4="0" m5="1" m6="0" m7="0" m8="0" m9="0" m10="1" m11="0" m12="0" m13="0" m14="0" m15="1" />
            </EnvObjectAttachment>
            <EnvObjectAttachment>
                <BoneConnect bone_id="31" num_connections="1" m0="-0.392676" m1="-0.0796875" m2="0.916218" m3="0" m4="0.0115416" m5="0.995734" m6="0.0915499" m7="0" m8="-0.919604" m9="0.0465241" m10="-0.390081" m11="0" m12="0.00796509" m13="0.835907" m14="0.348816" m15="1" />
                <BoneConnect bone_id="-1" num_connections="0" m0="1" m1="0" m2="0" m3="0" m4="0" m5="1" m6="0" m7="0" m8="0" m9="0" m10="1" m11="0" m12="0" m13="0" m14="0" m15="1" />
                <BoneConnect bone_id="-1" num_connections="0" m0="1" m1="0" m2="0" m3="0" m4="0" m5="1" m6="0" m7="0" m8="0" m9="0" m10="1" m11="0" m12="0" m13="0" m14="0" m15="1" />
                <BoneConnect bone_id="-1" num_connections="0" m0="1" m1="0" m2="0" m3="0" m4="0" m5="1" m6="0" m7="0" m8="0" m9="0" m10="1" m11="0" m12="0" m13="0" m14="0" m15="1" />
            </EnvObjectAttachment>
            <EnvObjectAttachment>
                <BoneConnect bone_id="31" num_connections="1" m0="-0.884905" m1="0.311492" m2="0.346289" m3="0" m4="-0.43252" m5="-0.825418" m6="-0.362784" m7="0" m8="0.172829" m9="-0.470806" m10="0.865143" m11="0" m12="-0.0921021" m13="0.729149" m14="0.405624" m15="1" />
                <BoneConnect bone_id="-1" num_connections="0" m0="1" m1="0" m2="0" m3="0" m4="0" m5="1" m6="0" m7="0" m8="0" m9="0" m10="1" m11="0" m12="0" m13="0" m14="0" m15="1" />
                <BoneConnect bone_id="-1" num_connections="0" m0="1" m1="0" m2="0" m3="0" m4="0" m5="1" m6="0" m7="0" m8="0" m9="0" m10="1" m11="0" m12="0" m13="0" m14="0" m15="1" />
                <BoneConnect bone_id="-1" num_connections="0" m0="1" m1="0" m2="0" m3="0" m4="0" m5="1" m6="0" m7="0" m8="0" m9="0" m10="1" m11="0" m12="0" m13="0" m14="0" m15="1" />
            </EnvObjectAttachment>
            <EnvObjectAttachment>
                <BoneConnect bone_id="31" num_connections="1" m0="0.276072" m1="0.880575" m2="0.38519" m3="0" m4="-0.91485" m5="0.117881" m6="0.386203" m7="0" m8="0.294674" m9="-0.459011" m10="0.838138" m11="0" m12="-0.0788202" m13="0.641006" m14="0.480347" m15="1" />
                <BoneConnect bone_id="-1" num_connections="0" m0="1" m1="0" m2="0" m3="0" m4="0" m5="1" m6="0" m7="0" m8="0" m9="0" m10="1" m11="0" m12="0" m13="0" m14="0" m15="1" />
                <BoneConnect bone_id="-1" num_connections="0" m0="1" m1="0" m2="0" m3="0" m4="0" m5="1" m6="0" m7="0" m8="0" m9="0" m10="1" m11="0" m12="0" m13="0" m14="0" m15="1" />
                <BoneConnect bone_id="-1" num_connections="0" m0="1" m1="0" m2="0" m3="0" m4="0" m5="1" m6="0" m7="0" m8="0" m9="0" m10="1" m11="0" m12="0" m13="0" m14="0" m15="1" />
            </EnvObjectAttachment>
            <EnvObjectAttachment>
                <BoneConnect bone_id="31" num_connections="1" m0="0.228097" m1="-0.619425" m2="0.751188" m3="0" m4="0.952592" m5="-0.0175709" m6="-0.303742" m7="0" m8="0.201345" m9="0.784859" m10="0.586052" m11="0" m12="-0.0417109" m13="0.643585" m14="0.574005" m15="1" />
                <BoneConnect bone_id="-1" num_connections="0" m0="1" m1="0" m2="0" m3="0" m4="0" m5="1" m6="0" m7="0" m8="0" m9="0" m10="1" m11="0" m12="0" m13="0" m14="0" m15="1" />
                <BoneConnect bone_id="-1" num_connections="0" m0="1" m1="0" m2="0" m3="0" m4="0" m5="1" m6="0" m7="0" m8="0" m9="0" m10="1" m11="0" m12="0" m13="0" m14="0" m15="1" />
                <BoneConnect bone_id="-1" num_connections="0" m0="1" m1="0" m2="0" m3="0" m4="0" m5="1" m6="0" m7="0" m8="0" m9="0" m10="1" m11="0" m12="0" m13="0" m14="0" m15="1" />
            </EnvObjectAttachment>
            <EnvObjectAttachment>
                <BoneConnect bone_id="31" num_connections="1" m0="0.533928" m1="-0.361463" m2="0.764372" m3="0" m4="0.815647" m5="-0.0180245" m6="-0.578269" m7="0" m8="0.2228" m9="0.932212" m10="0.285203" m11="0" m12="-0.0473566" m13="0.641785" m14="0.547516" m15="1" />
                <BoneConnect bone_id="-1" num_connections="0" m0="1" m1="0" m2="0" m3="0" m4="0" m5="1" m6="0" m7="0" m8="0" m9="0" m10="1" m11="0" m12="0" m13="0" m14="0" m15="1" />
                <BoneConnect bone_id="-1" num_connections="0" m0="1" m1="0" m2="0" m3="0" m4="0" m5="1" m6="0" m7="0" m8="0" m9="0" m10="1" m11="0" m12="0" m13="0" m14="0" m15="1" />
                <BoneConnect bone_id="-1" num_connections="0" m0="1" m1="0" m2="0" m3="0" m4="0" m5="1" m6="0" m7="0" m8="0" m9="0" m10="1" m11="0" m12="0" m13="0" m14="0" m15="1" />
            </EnvObjectAttachment>
        </EnvObjectAttachments>
        <EnvObject s0="1.24466" s1="1.24466" s2="1.24466" id="2488" color_r="1" color_g="1" color_b="1" overbright="0" type_file="Data/Objects/Environment/Bones/DogSkull.xml">
            <parameters />
        </EnvObject>
        <EnvObject s0="1.23887" s1="1.23887" s2="1.23887" id="2506" color_r="1" color_g="1" color_b="1" overbright="0" type_file="Data/Objects/Environment/Bones/DogBackBone.xml">
            <parameters />
        </EnvObject>
        <EnvObject s0="1.23887" s1="1.23887" s2="1.23887" id="2640" color_r="1" color_g="1" color_b="1" overbright="0" type_file="Data/Objects/Environment/Bones/DogBackBone.xml">
            <parameters />
        </EnvObject>
        <EnvObject s0="1.23753" s1="1.23753" s2="1.23753" id="2765" color_r="1" color_g="1" color_b="1" overbright="0" type_file="Data/Objects/Environment/Bones/DogBackBone.xml">
            <parameters />
        </EnvObject>
        <EnvObject s0="1.23887" s1="1.23887" s2="1.23887" id="2568" color_r="1" color_g="1" color_b="1" overbright="0" type_file="Data/Objects/Environment/Bones/DogBackBone.xml">
            <parameters />
        </EnvObject>
        <EnvObject s0="1.11019" s1="1.11019" s2="1.11019" id="2763" color_r="1" color_g="1" color_b="1" overbright="0" type_file="Data/Objects/Environment/Bones/DogBackBone.xml">
            <parameters />
        </EnvObject>
        <EnvObject s0="0.983823" s1="0.983823" s2="0.983823" id="2769" color_r="1" color_g="1" color_b="1" overbright="0" type_file="Data/Objects/Environment/Bones/DogBackBone.xml">
            <parameters />
        </EnvObject>
        <EnvObject s0="0.839846" s1="0.839846" s2="0.839846" id="2502" color_r="1" color_g="1" color_b="1" overbright="0" type_file="Data/Objects/Environment/Bones/DogBackBone.xml">
            <parameters />
        </EnvObject>
        <EnvObject s0="0.767059" s1="0.767059" s2="0.767059" id="2544" color_r="1" color_g="1" color_b="1" overbright="0" type_file="Data/Objects/Environment/Bones/DogBackBone.xml">
            <parameters />
        </EnvObject>
        <EnvObject s0="0.701445" s1="0.69899" s2="0.809456" id="2864" color_r="1" color_g="1" color_b="1" overbright="0" type_file="Data/Objects/Environment/Bones/DogBackBone.xml">
            <parameters />
        </EnvObject>
        <EnvObject s0="0.563874" s1="2.50333" s2="1.45855" id="2501" color_r="1" color_g="1" color_b="1" overbright="0" type_file="Data/Objects/Environment/Bones/DogBackBone.xml">
            <parameters />
        </EnvObject>
        <EnvObject s0="2.07071" s1="1.39898" s2="0.680957" id="2879" color_r="1" color_g="1" color_b="1" overbright="0" type_file="Data/Objects/Environment/Bones/DogArmBone.xml">
            <parameters />
        </EnvObject>
        <EnvObject s0="0.198911" s1="0.198911" s2="0.198911" id="2881" color_r="1" color_g="0.99999" color_b="0.99999" overbright="0" type_file="Data/Objects/Buildings/LargeNail1.xml">
            <parameters />
        </EnvObject>
        <EnvObject s0="0.139605" s1="0.139605" s2="0.139605" id="2466" color_r="1" color_g="0.99999" color_b="0.99999" overbright="0" type_file="Data/Objects/Buildings/LargeNail1.xml">
            <parameters />
        </EnvObject>
        <EnvObject s0="0.563874" s1="2.50333" s2="1.45855" id="2469" color_r="1" color_g="1" color_b="1" overbright="0" type_file="Data/Objects/Environment/Bones/DogBackBone.xml">
            <parameters />
        </EnvObject>
        <EnvObject s0="0.563874" s1="2.50333" s2="1.45855" id="2772" color_r="1" color_g="1" color_b="1" overbright="0" type_file="Data/Objects/Environment/Bones/DogBackBone.xml">
            <parameters />
        </EnvObject>
        <EnvObject s0="2.07071" s1="1.39898" s2="0.680957" id="2810" color_r="1" color_g="1" color_b="1" overbright="0" type_file="Data/Objects/Environment/Bones/DogArmBone.xml">
            <parameters />
        </EnvObject>
        <EnvObject s0="0.198911" s1="0.198911" s2="0.198911" id="2480" color_r="1" color_g="0.99999" color_b="0.99999" overbright="0" type_file="Data/Objects/Buildings/LargeNail1.xml">
            <parameters />
        </EnvObject>
        <EnvObject s0="0.139605" s1="0.139605" s2="0.139605" id="38" color_r="1" color_g="0.99999" color_b="0.99999" overbright="0" type_file="Data/Objects/Buildings/LargeNail1.xml">
            <parameters />
        </EnvObject>
    </ActorObject>
</ActorObjects>
